4 0.000e+00 0.000e+00
5 0.000e+00 0.000e+00
6 0.000e+00 0.000e+00
10 0.000e+00 0.000e+00
14 0.000e+00 0.000e+00
19 0.000e+00 0.000e+00
20 0.000e+00 0.000e+00
23 0.000e+00 0.000e+00
24 0.000e+00 0.000e+00
27 0.000e+00 0.000e+00
29 0.000e+00 0.000e+00
31 0.000e+00 0.000e+00
32 0.000e+00 0.000e+00
36 0.000e+00 0.000e+00
41 0.000e+00 0.000e+00
49 0.000e+00 0.000e+00
54 0.000e+00 0.000e+00
56 0.000e+00 0.000e+00
58 0.000e+00 0.000e+00
62 0.000e+00 0.000e+00
72 0.000e+00 0.000e+00
73 0.000e+00 0.000e+00
78 0.000e+00 0.000e+00
82 0.000e+00 0.000e+00
84 0.000e+00 0.000e+00
89 0.000e+00 0.000e+00
93 0.000e+00 0.000e+00
95 0.000e+00 0.000e+00
100 0.000e+00 0.000e+00
108 0.000e+00 0.000e+00
111 0.000e+00 0.000e+00
115 0.000e+00 0.000e+00
121 0.000e+00 0.000e+00
123 0.000e+00 0.000e+00
125 0.000e+00 0.000e+00
126 0.000e+00 0.000e+00
127 0.000e+00 0.000e+00
128 0.000e+00 0.000e+00
137 0.000e+00 0.000e+00
140 0.000e+00 0.000e+00
141 0.000e+00 0.000e+00
142 0.000e+00 0.000e+00
150 0.000e+00 0.000e+00
151 0.000e+00 0.000e+00
154 0.000e+00 0.000e+00
155 0.000e+00 0.000e+00
160 0.000e+00 0.000e+00
165 0.000e+00 0.000e+00
168 0.000e+00 0.000e+00
170 0.000e+00 0.000e+00
171 0.000e+00 0.000e+00
176 0.000e+00 0.000e+00
179 0.000e+00 0.000e+00
182 0.000e+00 0.000e+00
183 0.000e+00 0.000e+00
189 0.000e+00 0.000e+00
194 0.000e+00 0.000e+00
195 0.000e+00 0.000e+00
202 0.000e+00 0.000e+00
205 0.000e+00 0.000e+00
221 0.000e+00 0.000e+00
225 0.000e+00 0.000e+00
234 0.000e+00 0.000e+00
239 0.000e+00 0.000e+00
240 0.000e+00 0.000e+00
244 0.000e+00 0.000e+00
246 0.000e+00 0.000e+00
259 0.000e+00 0.000e+00
262 0.000e+00 0.000e+00
263 0.000e+00 0.000e+00
265 0.000e+00 0.000e+00
267 0.000e+00 0.000e+00
268 0.000e+00 0.000e+00
271 0.000e+00 0.000e+00
273 0.000e+00 0.000e+00
278 0.000e+00 0.000e+00
279 0.000e+00 0.000e+00
281 0.000e+00 0.000e+00
282 0.000e+00 0.000e+00
284 0.000e+00 0.000e+00
289 0.000e+00 0.000e+00
297 0.000e+00 0.000e+00
302 0.000e+00 0.000e+00
303 0.000e+00 0.000e+00
310 0.000e+00 0.000e+00
318 0.000e+00 0.000e+00
321 0.000e+00 0.000e+00
323 0.000e+00 0.000e+00
327 0.000e+00 0.000e+00
328 0.000e+00 0.000e+00
329 0.000e+00 0.000e+00
331 0.000e+00 0.000e+00
334 0.000e+00 0.000e+00
339 0.000e+00 0.000e+00
340 0.000e+00 0.000e+00
344 0.000e+00 0.000e+00
350 0.000e+00 0.000e+00
353 0.000e+00 0.000e+00
358 0.000e+00 0.000e+00
359 0.000e+00 0.000e+00
361 0.000e+00 0.000e+00
362 0.000e+00 0.000e+00
363 0.000e+00 0.000e+00
366 0.000e+00 0.000e+00
368 0.000e+00 0.000e+00
370 0.000e+00 0.000e+00
371 0.000e+00 0.000e+00
373 0.000e+00 0.000e+00
376 0.000e+00 0.000e+00
379 0.000e+00 0.000e+00
382 0.000e+00 0.000e+00
389 0.000e+00 0.000e+00
392 0.000e+00 0.000e+00
397 0.000e+00 0.000e+00
399 0.000e+00 0.000e+00
402 0.000e+00 0.000e+00
406 0.000e+00 0.000e+00
409 0.000e+00 0.000e+00
410 0.000e+00 0.000e+00
416 0.000e+00 0.000e+00
417 0.000e+00 0.000e+00
419 0.000e+00 0.000e+00
421 0.000e+00 0.000e+00
425 0.000e+00 0.000e+00
426 0.000e+00 0.000e+00
429 0.000e+00 0.000e+00
432 0.000e+00 0.000e+00
438 0.000e+00 0.000e+00
440 0.000e+00 0.000e+00
448 0.000e+00 0.000e+00
450 0.000e+00 0.000e+00
452 0.000e+00 0.000e+00
455 0.000e+00 0.000e+00
456 0.000e+00 0.000e+00
460 0.000e+00 0.000e+00
471 0.000e+00 0.000e+00
478 0.000e+00 0.000e+00
485 0.000e+00 0.000e+00
486 0.000e+00 0.000e+00
487 0.000e+00 0.000e+00
495 0.000e+00 0.000e+00
499 0.000e+00 0.000e+00
500 0.000e+00 0.000e+00
507 0.000e+00 0.000e+00
509 0.000e+00 0.000e+00
510 0.000e+00 0.000e+00
517 0.000e+00 0.000e+00
533 0.000e+00 0.000e+00
535 0.000e+00 0.000e+00
543 0.000e+00 0.000e+00
550 0.000e+00 0.000e+00
554 0.000e+00 0.000e+00
555 0.000e+00 0.000e+00
558 0.000e+00 0.000e+00
560 0.000e+00 0.000e+00
562 0.000e+00 0.000e+00
572 0.000e+00 0.000e+00
589 0.000e+00 0.000e+00
592 0.000e+00 0.000e+00
593 0.000e+00 0.000e+00
596 0.000e+00 0.000e+00
601 0.000e+00 0.000e+00
608 0.000e+00 0.000e+00
613 0.000e+00 0.000e+00
616 0.000e+00 0.000e+00
618 0.000e+00 0.000e+00
623 0.000e+00 0.000e+00
627 0.000e+00 0.000e+00
628 0.000e+00 0.000e+00
630 0.000e+00 0.000e+00
631 0.000e+00 0.000e+00
637 0.000e+00 0.000e+00
638 0.000e+00 0.000e+00
664 0.000e+00 0.000e+00
666 0.000e+00 0.000e+00
671 0.000e+00 0.000e+00
673 0.000e+00 0.000e+00
677 0.000e+00 0.000e+00
684 0.000e+00 0.000e+00
685 0.000e+00 0.000e+00
686 0.000e+00 0.000e+00
691 0.000e+00 0.000e+00
692 0.000e+00 0.000e+00
696 0.000e+00 0.000e+00
698 0.000e+00 0.000e+00
701 0.000e+00 0.000e+00
706 0.000e+00 0.000e+00
708 0.000e+00 0.000e+00
713 0.000e+00 0.000e+00
715 0.000e+00 0.000e+00
716 0.000e+00 0.000e+00
717 0.000e+00 0.000e+00
719 0.000e+00 0.000e+00
724 0.000e+00 0.000e+00
725 0.000e+00 0.000e+00
739 0.000e+00 0.000e+00
747 0.000e+00 0.000e+00
748 0.000e+00 0.000e+00
753 0.000e+00 0.000e+00
755 0.000e+00 0.000e+00
758 0.000e+00 0.000e+00
759 0.000e+00 0.000e+00
760 0.000e+00 0.000e+00
761 0.000e+00 0.000e+00
764 0.000e+00 0.000e+00
770 0.000e+00 0.000e+00
775 0.000e+00 0.000e+00
780 0.000e+00 0.000e+00
786 0.000e+00 0.000e+00
788 0.000e+00 0.000e+00
790 0.000e+00 0.000e+00
791 0.000e+00 0.000e+00
794 0.000e+00 0.000e+00
795 0.000e+00 0.000e+00
796 0.000e+00 0.000e+00
802 0.000e+00 0.000e+00
810 0.000e+00 0.000e+00
817 0.000e+00 0.000e+00
819 0.000e+00 0.000e+00
823 0.000e+00 0.000e+00
825 0.000e+00 0.000e+00
826 0.000e+00 0.000e+00
828 0.000e+00 0.000e+00
831 0.000e+00 0.000e+00
832 0.000e+00 0.000e+00
834 0.000e+00 0.000e+00
839 0.000e+00 0.000e+00
842 0.000e+00 0.000e+00
844 0.000e+00 0.000e+00
854 0.000e+00 0.000e+00
856 0.000e+00 0.000e+00
857 0.000e+00 0.000e+00
873 0.000e+00 0.000e+00
874 0.000e+00 0.000e+00
878 0.000e+00 0.000e+00
885 0.000e+00 0.000e+00
886 0.000e+00 0.000e+00
887 0.000e+00 0.000e+00
889 0.000e+00 0.000e+00
893 0.000e+00 0.000e+00
896 0.000e+00 0.000e+00
903 0.000e+00 0.000e+00
904 0.000e+00 0.000e+00
906 0.000e+00 0.000e+00
907 0.000e+00 0.000e+00
908 0.000e+00 0.000e+00
911 0.000e+00 0.000e+00
913 0.000e+00 0.000e+00
919 0.000e+00 0.000e+00
925 0.000e+00 0.000e+00
929 0.000e+00 0.000e+00
933 0.000e+00 0.000e+00
934 0.000e+00 0.000e+00
935 0.000e+00 0.000e+00
938 0.000e+00 0.000e+00
939 0.000e+00 0.000e+00
940 0.000e+00 0.000e+00
948 0.000e+00 0.000e+00
949 0.000e+00 0.000e+00
955 0.000e+00 0.000e+00
959 0.000e+00 0.000e+00
962 0.000e+00 0.000e+00
973 0.000e+00 0.000e+00
981 0.000e+00 0.000e+00
990 0.000e+00 0.000e+00
996 0.000e+00 0.000e+00
997 0.000e+00 0.000e+00
1002 0.000e+00 0.000e+00
1003 0.000e+00 0.000e+00
1004 0.000e+00 0.000e+00
1020 -8.804e-09 -8.804e-09
1021 5.645e-08 4.765e-08
1022 5.554e-08 1.032e-07
1023 3.591e-08 1.391e-07
1024 -3.088e-07 -1.697e-07
1025 4.626e-07 2.928e-07
1032 1.730e-07 4.658e-07
1033 -6.617e-08 3.997e-07
1040 3.148e-09 4.028e-07
1041 6.886e-09 4.097e-07
1050 8.553e-08 4.952e-07
1051 1.696e-08 5.122e-07
1052 4.427e-08 5.565e-07
1053 8.551e-10 5.573e-07
1058 2.183e-08 5.791e-07
1059 2.506e-08 6.042e-07
1060 -8.279e-09 5.959e-07
1061 1.132e-07 7.092e-07
1066 4.439e-08 7.535e-07
1067 9.982e-08 8.534e-07
1070 -2.229e-08 8.311e-07
1071 1.000e-07 9.311e-07
1074 6.553e-08 9.966e-07
1075 1.900e-08 1.016e-06
1076 2.455e-08 1.040e-06
1077 9.333e-10 1.041e-06
1084 7.100e-09 1.048e-06
1085 -1.231e-09 1.047e-06
1094 -1.115e-08 1.036e-06
1095 3.659e-08 1.072e-06
1110 3.660e-08 1.109e-06
1111 -1.382e-08 1.095e-06
1120 -5.365e-09 1.090e-06
1121 8.556e-09 1.098e-06
1124 -8.399e-09 1.090e-06
1125 2.134e-08 1.111e-06
1128 3.598e-08 1.147e-06
1129 -1.363e-08 1.134e-06
1136 1.611e-08 1.150e-06
1137 4.706e-08 1.197e-06
1156 -1.598e-08 1.181e-06
1157 3.941e-08 1.220e-06
1158 -3.304e-08 1.187e-06
1159 1.161e-07 1.303e-06
1168 -7.631e-09 1.296e-06
1169 7.275e-08 1.368e-06
1176 8.996e-08 1.458e-06
1177 -4.250e-08 1.416e-06
1180 4.183e-09 1.420e-06
1181 4.990e-10 1.421e-06
1190 -8.682e-08 1.334e-06
1191 1.651e-07 1.499e-06
1198 1.395e-07 1.638e-06
1199 -8.577e-08 1.553e-06
1202 -5.498e-08 1.498e-06
1203 8.964e-08 1.587e-06
1212 8.254e-08 1.670e-06
1213 -9.688e-09 1.660e-06
1228 1.916e-07 1.852e-06
1229 -6.846e-08 1.783e-06
1234 1.394e-07 1.923e-06
1235 -4.972e-08 1.873e-06
1242 1.908e-07 2.064e-06
1243 -6.689e-08 1.997e-06
1254 2.048e-08 2.017e-06
1255 7.400e-08 2.091e-06
1258 2.578e-07 2.349e-06
1259 -1.165e-07 2.233e-06
1262 -7.445e-09 2.225e-06
1263 8.827e-08 2.313e-06
1264 7.471e-10 2.314e-06
1265 7.494e-09 2.322e-06
1266 1.094e-07 2.431e-06
1267 -8.666e-08 2.344e-06
1268 1.432e-07 2.488e-06
1269 -2.482e-08 2.463e-06
1286 2.259e-09 2.465e-06
1287 -8.715e-10 2.464e-06
1292 2.227e-08 2.486e-06
1293 2.397e-08 2.510e-06
1294 1.669e-08 2.527e-06
1295 -2.242e-09 2.525e-06
1296 2.325e-07 2.757e-06
1297 -1.254e-07 2.632e-06
1312 6.651e-08 2.698e-06
1313 3.062e-08 2.729e-06
1314 6.027e-08 2.789e-06
1315 -6.075e-09 2.783e-06
1320 2.527e-08 2.809e-06
1321 7.403e-08 2.883e-06
1322 6.457e-08 2.947e-06
1323 5.077e-08 2.998e-06
1332 2.150e-08 3.019e-06
1333 3.658e-08 3.056e-06
1342 2.399e-08 3.080e-06
1343 6.043e-08 3.140e-06
1348 4.372e-08 3.184e-06
1349 -1.775e-08 3.166e-06
1352 2.870e-08 3.195e-06
1353 6.081e-08 3.256e-06
1354 -5.709e-08 3.199e-06
1355 1.516e-07 3.350e-06
1364 3.492e-08 3.385e-06
1365 3.805e-08 3.423e-06
1370 1.010e-07 3.524e-06
1371 -2.673e-08 3.498e-06
1376 7.798e-08 3.576e-06
1377 -5.342e-10 3.575e-06
1378 -1.378e-08 3.561e-06
1379 2.211e-08 3.583e-06
1390 6.537e-08 3.649e-06
1391 2.202e-08 3.671e-06
1400 1.511e-07 3.822e-06
1401 1.833e-08 3.840e-06
1402 5.314e-08 3.893e-06
1403 -1.207e-08 3.881e-06
1416 2.317e-08 3.904e-06
1417 5.939e-08 3.964e-06
1422 -2.430e-08 3.939e-06
1423 1.247e-07 4.064e-06
1454 3.808e-08 4.102e-06
1455 8.687e-09 4.111e-06
1462 4.933e-08 4.160e-06
1463 -2.942e-11 4.160e-06
1480 -1.355e-08 4.147e-06
1481 5.308e-08 4.200e-06
1490 7.214e-09 4.207e-06
1491 4.986e-09 4.212e-06
1492 1.071e-07 4.319e-06
1493 -1.198e-08 4.307e-06
1500 6.383e-08 4.371e-06
1501 3.107e-08 4.402e-06
1504 -1.986e-09 4.400e-06
1505 1.506e-07 4.551e-06
1530 -3.999e-07 4.151e-06
1531 5.944e-07 4.745e-06
1536 6.293e-08 4.808e-06
1537 8.565e-08 4.894e-06
1538 -1.083e-08 4.883e-06
1539 5.521e-08 4.938e-06
1542 1.883e-07 5.126e-06
1543 -4.668e-08 5.080e-06
1546 4.708e-08 5.127e-06
1547 1.934e-08 5.146e-06
1548 3.850e-08 5.185e-06
1549 9.077e-08 5.276e-06
1554 -7.887e-09 5.268e-06
1555 3.510e-08 5.303e-06
1558 6.955e-08 5.372e-06
1559 9.868e-08 5.471e-06
1568 1.550e-09 5.473e-06
1569 1.647e-07 5.637e-06
1570 1.222e-08 5.649e-06
1571 1.324e-08 5.663e-06
1574 1.705e-07 5.833e-06
1575 -1.198e-07 5.713e-06
1576 2.644e-08 5.740e-06
1577 1.129e-08 5.751e-06
1580 -7.544e-09 5.743e-06
1581 1.641e-08 5.760e-06
1590 9.562e-09 5.769e-06
1591 1.310e-07 5.900e-06
1606 -1.598e-09 5.899e-06
1607 7.439e-08 5.973e-06
1616 1.706e-07 6.144e-06
1617 -3.469e-08 6.109e-06
1618 2.042e-07 6.313e-06
1619 -1.050e-07 6.208e-06
1632 -1.961e-07 6.012e-06
1633 2.917e-07 6.304e-06
1648 8.743e-08 6.392e-06
1649 -5.049e-08 6.341e-06
1654 6.106e-08 6.402e-06
1655 -1.144e-08 6.391e-06
1658 8.552e-09 6.399e-06
1659 1.809e-08 6.417e-06
1666 -2.052e-07 6.212e-06
1667 3.624e-07 6.575e-06
1668 1.286e-08 6.587e-06
1669 -6.491e-09 6.581e-06
1670 2.340e-08 6.604e-06
1671 4.673e-08 6.651e-06
1674 7.452e-08 6.726e-06
1675 -3.250e-08 6.693e-06
1680 8.638e-08 6.779e-06
1681 4.021e-08 6.820e-06
1690 8.056e-08 6.900e-06
1691 9.009e-09 6.909e-06
1692 1.841e-07 7.093e-06
1693 -1.215e-07 6.972e-06
1700 3.796e-08 7.010e-06
1701 6.811e-08 7.078e-06
1712 7.237e-08 7.150e-06
1713 -4.156e-08 7.109e-06
1718 3.075e-09 7.112e-06
1719 1.042e-09 7.113e-06
1728 3.956e-08 7.152e-06
1729 5.305e-08 7.205e-06
1730 9.956e-08 7.305e-06
1731 5.288e-08 7.358e-06
1734 4.284e-08 7.401e-06
1735 -1.304e-08 7.388e-06
1736 1.770e-07 7.565e-06
1737 -3.287e-08 7.532e-06
1738 7.326e-08 7.605e-06
1739 1.066e-07 7.712e-06
1744 3.772e-08 7.749e-06
1745 4.652e-09 7.754e-06
1748 -2.095e-08 7.733e-06
1749 7.271e-08 7.806e-06
1752 3.080e-07 8.114e-06
1753 -1.903e-07 7.924e-06
1754 2.772e-07 8.201e-06
1755 -1.391e-07 8.062e-06
1758 -9.754e-10 8.061e-06
1759 4.748e-08 8.108e-06
1764 1.795e-07 8.288e-06
1765 -1.095e-07 8.178e-06
1770 -4.170e-08 8.136e-06
1771 9.897e-08 8.235e-06
1776 8.540e-08 8.321e-06
1777 -1.248e-08 8.308e-06
1790 2.068e-08 8.329e-06
1791 1.362e-08 8.343e-06
1796 3.515e-08 8.378e-06
1797 -4.647e-09 8.373e-06
1806 -2.229e-07 8.150e-06
1807 3.478e-07 8.498e-06
1810 -5.265e-08 8.445e-06
1811 1.288e-07 8.574e-06
1816 1.915e-09 8.576e-06
1817 1.397e-08 8.590e-06
1824 -5.146e-09 8.585e-06
1825 2.137e-08 8.606e-06
1830 3.495e-08 8.641e-06
1831 6.249e-08 8.704e-06
1832 -1.167e-07 8.587e-06
1833 2.069e-07 8.794e-06
1844 -1.525e-07 8.641e-06
1845 2.508e-07 8.892e-06
1846 1.025e-07 8.995e-06
1847 2.004e-08 9.015e-06
1850 -1.074e-08 9.004e-06
1851 2.381e-08 9.028e-06
1854 1.009e-07 9.129e-06
1855 -3.248e-08 9.096e-06
1862 4.560e-09 9.101e-06
1863 1.560e-08 9.116e-06
1864 -1.331e-08 9.103e-06
1865 8.595e-08 9.189e-06
1870 -3.105e-09 9.186e-06
1871 2.449e-08 9.210e-06
1876 3.529e-08 9.246e-06
1877 6.271e-08 9.308e-06
1888 -5.796e-08 9.250e-06
1889 2.072e-07 9.458e-06
1892 9.572e-09 9.467e-06
1893 1.354e-08 9.481e-06
1908 5.687e-08 9.538e-06
1909 -3.463e-08 9.503e-06
1912 -8.865e-08 9.414e-06
1913 1.997e-07 9.614e-06
1916 -3.370e-08 9.580e-06
1917 7.097e-08 9.651e-06
1922 9.140e-08 9.743e-06
1923 7.137e-08 9.814e-06
1924 1.920e-07 1.001e-05
1925 -9.009e-08 9.916e-06
1932 -1.803e-08 9.898e-06
1933 2.890e-08 9.927e-06
1954 4.018e-07 1.033e-05
1955 -2.685e-07 1.006e-05
1968 1.534e-07 1.021e-05
1969 -8.376e-08 1.013e-05
1982 2.177e-09 1.013e-05
1983 8.566e-08 1.022e-05
1984 1.048e-07 1.032e-05
1985 -6.134e-08 1.026e-05
1986 5.241e-07 1.079e-05
1987 -3.403e-07 1.044e-05
2002 2.191e-08 1.047e-05
2003 1.238e-08 1.048e-05
2010 1.566e-08 1.049e-05
2011 -6.123e-09 1.049e-05
2012 -1.629e-08 1.047e-05
2013 4.255e-08 1.051e-05
2026 -8.208e-08 1.043e-05
2027 1.691e-07 1.060e-05
2030 -2.944e-08 1.057e-05
2031 8.095e-08 1.065e-05
2032 -1.168e-07 1.054e-05
2033 1.987e-07 1.074e-05
2046 1.311e-07 1.087e-05
2047 -6.794e-08 1.080e-05
2078 -5.528e-08 1.074e-05
2079 1.403e-07 1.088e-05
2082 9.713e-08 1.098e-05
2083 1.145e-08 1.099e-05
2098 8.017e-08 1.107e-05
2099 -7.661e-09 1.106e-05
2112 3.050e-08 1.110e-05
2113 4.134e-08 1.114e-05
2120 3.891e-08 1.118e-05
2121 -2.081e-09 1.117e-05
2122 7.955e-09 1.118e-05
2123 7.237e-08 1.125e-05
2128 2.804e-08 1.128e-05
2129 -2.744e-09 1.128e-05
2132 -1.694e-09 1.128e-05
2133 1.038e-07 1.138e-05
2136 1.076e-07 1.149e-05
2137 -5.179e-08 1.144e-05
2156 -1.080e-08 1.143e-05
2157 3.616e-08 1.146e-05
2190 1.223e-07 1.158e-05
2191 -3.995e-08 1.154e-05
2196 1.841e-08 1.156e-05
2197 9.242e-09 1.157e-05
2198 -2.057e-07 1.137e-05
2199 2.516e-07 1.162e-05
2204 1.595e-07 1.178e-05
2205 -6.102e-08 1.172e-05
2214 8.771e-08 1.180e-05
2215 -5.673e-08 1.175e-05
2228 -2.431e-08 1.172e-05
2229 4.090e-08 1.176e-05
2238 -3.669e-08 1.173e-05
2239 5.482e-08 1.178e-05
2244 1.434e-07 1.193e-05
2245 -1.472e-08 1.191e-05
2248 -6.693e-08 1.184e-05
2249 1.641e-07 1.201e-05
2258 3.068e-08 1.204e-05
2259 5.213e-08 1.209e-05
2266 1.022e-07 1.219e-05
2267 -2.390e-08 1.217e-05
2268 -4.269e-08 1.213e-05
2269 9.649e-08 1.222e-05
2272 8.481e-09 1.223e-05
2273 2.159e-08 1.225e-05
2274 8.327e-08 1.234e-05
2275 3.835e-08 1.237e-05
2286 -3.013e-09 1.237e-05
2287 6.311e-09 1.238e-05
2288 -6.280e-08 1.232e-05
2289 1.671e-07 1.248e-05
2340 7.271e-08 1.255e-05
2341 -2.198e-08 1.253e-05
2344 -9.168e-08 1.244e-05
2345 1.488e-07 1.259e-05
2354 1.207e-07 1.271e-05
2355 3.077e-08 1.274e-05
2358 1.098e-07 1.285e-05
2359 -1.887e-08 1.283e-05
2366 -4.259e-08 1.279e-05
2367 9.033e-08 1.288e-05
2380 1.704e-07 1.305e-05
2381 -9.797e-08 1.295e-05
2382 5.498e-08 1.301e-05
2383 -2.621e-08 1.298e-05
2384 1.311e-07 1.311e-05
2385 -5.672e-08 1.306e-05
2394 -4.133e-08 1.301e-05
2395 1.924e-07 1.321e-05
2396 5.467e-08 1.326e-05
2397 -1.484e-08 1.325e-05
2404 -1.109e-07 1.314e-05
2405 2.159e-07 1.335e-05
2408 3.175e-08 1.338e-05
2409 3.001e-08 1.341e-05
2414 6.656e-08 1.348e-05
2415 7.420e-08 1.355e-05
2424 -1.225e-07 1.343e-05
2425 1.557e-07 1.359e-05
2428 -1.847e-10 1.359e-05
2429 2.920e-09 1.359e-05
2438 3.524e-08 1.363e-05
2439 3.503e-08 1.366e-05
2442 1.052e-07 1.377e-05
2443 -5.120e-08 1.371e-05
2444 7.237e-08 1.379e-05
2445 9.135e-09 1.380e-05
2446 2.759e-09 1.380e-05
2447 5.441e-08 1.385e-05
2450 6.037e-08 1.391e-05
2451 8.198e-09 1.392e-05
2460 2.057e-09 1.392e-05
2461 9.661e-09 1.393e-05
2462 4.829e-08 1.398e-05
2463 -1.023e-08 1.397e-05
2490 1.929e-08 1.399e-05
2491 2.583e-08 1.402e-05
2506 -5.273e-08 1.396e-05
2507 8.258e-08 1.405e-05
2508 -7.412e-08 1.397e-05
2509 1.621e-07 1.413e-05
2518 1.111e-07 1.425e-05
2519 -3.265e-08 1.421e-05
2522 6.581e-08 1.428e-05
2523 -1.983e-08 1.426e-05
2528 -5.278e-09 1.425e-05
2529 1.108e-08 1.426e-05
2530 -1.727e-09 1.426e-05
2531 9.992e-08 1.436e-05
2532 1.450e-08 1.438e-05
2533 2.869e-09 1.438e-05
2534 2.623e-09 1.438e-05
2535 1.807e-07 1.456e-05
2540 -9.062e-08 1.447e-05
2541 2.644e-07 1.474e-05
2552 -3.914e-08 1.470e-05
2553 1.421e-07 1.484e-05
2562 1.152e-07 1.496e-05
2563 -5.868e-08 1.490e-05
2572 -9.806e-08 1.480e-05
2573 1.402e-07 1.494e-05
2584 -3.102e-08 1.491e-05
2585 1.274e-07 1.504e-05
2588 9.272e-08 1.513e-05
2589 -6.806e-09 1.512e-05
2592 3.111e-08 1.515e-05
2593 -7.903e-09 1.514e-05
2594 -1.046e-07 1.504e-05
2595 1.659e-07 1.521e-05
2600 3.861e-10 1.521e-05
2601 -1.677e-10 1.521e-05
2602 9.238e-08 1.530e-05
2603 -1.156e-08 1.529e-05
2604 -5.851e-08 1.523e-05
2605 1.046e-07 1.533e-05
2616 -1.331e-07 1.520e-05
2617 2.105e-07 1.541e-05
2632 -2.912e-10 1.541e-05
2633 4.743e-08 1.546e-05
2646 -5.629e-09 1.545e-05
2647 2.346e-08 1.548e-05
2650 4.844e-08 1.552e-05
2651 4.510e-08 1.557e-05
2658 -5.044e-08 1.552e-05
2659 9.138e-08 1.561e-05
2662 1.992e-08 1.563e-05
2663 4.200e-09 1.563e-05
2664 1.041e-07 1.574e-05
2665 -2.559e-08 1.571e-05
2668 5.641e-08 1.577e-05
2669 -5.285e-09 1.576e-05
2674 -7.657e-08 1.569e-05
2675 1.542e-07 1.584e-05
2676 -2.890e-08 1.581e-05
2677 1.258e-07 1.594e-05
2680 3.002e-08 1.597e-05
2681 -3.852e-09 1.596e-05
2690 8.091e-08 1.605e-05
2691 -1.026e-08 1.603e-05
2696 2.697e-08 1.606e-05
2697 4.402e-08 1.611e-05
2700 1.244e-07 1.623e-05
2701 8.423e-09 1.624e-05
2720 8.182e-08 1.632e-05
2721 -2.164e-08 1.630e-05
2724 2.515e-08 1.632e-05
2725 1.111e-07 1.644e-05
2726 6.612e-09 1.644e-05
2727 4.817e-08 1.649e-05
2758 3.322e-08 1.652e-05
2759 6.815e-08 1.659e-05
2760 -8.221e-08 1.651e-05
2761 1.813e-07 1.669e-05
2768 1.235e-07 1.681e-05
2769 -3.948e-08 1.677e-05
2782 1.420e-07 1.692e-05
2783 -3.674e-08 1.688e-05
2784 1.453e-07 1.702e-05
2785 -4.615e-08 1.698e-05
2786 3.254e-08 1.701e-05
2787 -1.213e-08 1.700e-05
2790 2.558e-07 1.725e-05
2791 -1.247e-07 1.713e-05
2798 6.281e-08 1.719e-05
2799 -2.063e-08 1.717e-05
2804 -1.564e-07 1.702e-05
2805 2.680e-07 1.728e-05
2818 1.832e-08 1.730e-05
2819 1.794e-08 1.732e-05
2820 -1.285e-07 1.719e-05
2821 1.903e-07 1.738e-05
2824 2.047e-07 1.759e-05
2825 -4.646e-08 1.754e-05
2826 -1.137e-07 1.743e-05
2827 2.823e-07 1.771e-05
2828 8.146e-08 1.779e-05
2829 -2.107e-08 1.777e-05
2834 1.140e-07 1.788e-05
2835 -1.744e-08 1.787e-05
2838 8.229e-08 1.795e-05
2839 -2.783e-08 1.792e-05
2850 -1.010e-07 1.782e-05
2851 1.824e-07 1.800e-05
2862 1.020e-08 1.801e-05
2863 6.129e-09 1.802e-05
2870 2.872e-10 1.802e-05
2871 1.362e-08 1.803e-05
2878 1.373e-08 1.805e-05
2879 8.780e-09 1.805e-05
2880 -1.160e-07 1.794e-05
2881 2.238e-07 1.816e-05
2882 -1.003e-07 1.806e-05
2883 2.398e-07 1.830e-05
2888 2.443e-09 1.830e-05
2889 1.912e-09 1.831e-05
2890 1.229e-08 1.832e-05
2891 7.518e-09 1.833e-05
2892 1.894e-09 1.833e-05
2893 8.634e-09 1.834e-05
2908 3.896e-08 1.838e-05
2909 8.734e-08 1.846e-05
2910 1.333e-08 1.848e-05
2911 3.286e-08 1.851e-05
2922 2.184e-07 1.873e-05
2923 -1.486e-07 1.858e-05
2930 2.199e-07 1.880e-05
2931 -9.314e-08 1.871e-05
2936 1.547e-07 1.886e-05
2937 -4.793e-08 1.881e-05
2958 2.367e-08 1.884e-05
2959 1.016e-07 1.894e-05
2974 -6.345e-08 1.887e-05
2975 1.835e-07 1.906e-05
2992 6.202e-09 1.906e-05
2993 1.050e-07 1.917e-05
3004 9.078e-08 1.926e-05
3005 -1.648e-08 1.924e-05
3006 2.374e-10 1.924e-05
3007 4.261e-11 1.924e-05
3016 1.813e-09 1.925e-05
3017 -3.623e-10 1.924e-05
3018 5.490e-08 1.930e-05
3019 4.592e-08 1.935e-05
3020 9.498e-08 1.944e-05
3021 -6.517e-08 1.938e-05
3040 -4.648e-08 1.933e-05
3041 -9.126e-08 1.924e-05
3042 -1.496e-07 1.909e-05
3046 -1.052e-07 1.898e-05
3050 -8.941e-09 1.897e-05
3055 -1.036e-07 1.887e-05
3056 -4.660e-08 1.882e-05
3059 -4.547e-08 1.878e-05
3060 -1.056e-07 1.867e-05
3063 -8.025e-08 1.859e-05
3067 -8.620e-08 1.851e-05
3068 -2.389e-08 1.848e-05
3072 -7.309e-09 1.848e-05
3077 -2.515e-08 1.845e-05
3085 -2.338e-08 1.843e-05
3090 -1.886e-09 1.842e-05
3092 -1.221e-08 1.841e-05
3094 -2.328e-08 1.839e-05
3098 -6.182e-08 1.833e-05
3108 -2.338e-08 1.830e-05
3109 -8.357e-08 1.822e-05
3114 -6.590e-08 1.815e-05
3118 -4.844e-08 1.811e-05
3120 -6.677e-09 1.810e-05
3125 -8.002e-08 1.802e-05
3131 -3.572e-08 1.798e-05
3136 -7.396e-08 1.791e-05
3144 -1.255e-07 1.778e-05
3151 -1.229e-07 1.766e-05
3157 -9.411e-08 1.757e-05
3159 -1.439e-07 1.742e-05
3161 -7.927e-08 1.734e-05
3162 -8.174e-09 1.734e-05
3163 -2.260e-08 1.731e-05
3164 -1.182e-07 1.720e-05
3173 -1.007e-09 1.719e-05
3176 -4.627e-08 1.715e-05
3177 -1.514e-08 1.713e-05
3178 -1.056e-07 1.703e-05
3180 -7.185e-08 1.696e-05
3186 -9.829e-08 1.686e-05
3187 -5.357e-08 1.680e-05
3190 -1.008e-07 1.670e-05
3191 -1.146e-07 1.659e-05
3196 -5.955e-08 1.653e-05
3201 -8.651e-08 1.644e-05
3204 -2.676e-08 1.642e-05
3206 -8.867e-08 1.633e-05
3207 -9.246e-08 1.623e-05
3212 -7.398e-08 1.616e-05
3215 -7.366e-08 1.609e-05
3218 -7.570e-08 1.601e-05
3219 -8.414e-09 1.600e-05
3225 -8.817e-08 1.591e-05
3230 -1.678e-07 1.575e-05
3231 -4.117e-08 1.571e-05
3238 -8.090e-08 1.562e-05
3241 -9.984e-08 1.552e-05
3261 -4.874e-08 1.548e-05
3270 -3.890e-08 1.544e-05
3275 -1.166e-08 1.543e-05
3276 -9.581e-08 1.533e-05
3280 -9.501e-08 1.523e-05
3282 -1.485e-07 1.509e-05
3295 -1.950e-07 1.489e-05
3298 -1.487e-07 1.474e-05
3299 -4.413e-08 1.470e-05
3301 -1.237e-07 1.457e-05
3303 -6.713e-08 1.451e-05
3304 -1.280e-07 1.438e-05
3307 -5.775e-10 1.438e-05
3309 -1.700e-07 1.421e-05
3314 -1.663e-07 1.404e-05
3315 -2.469e-08 1.402e-05
3317 -5.060e-08 1.397e-05
3318 -3.855e-08 1.393e-05
3320 -9.421e-09 1.392e-05
3325 -1.430e-07 1.378e-05
3332 -4.508e-09 1.377e-05
3333 -7.276e-08 1.370e-05
3338 -1.350e-07 1.356e-05
3339 -3.643e-08 1.353e-05
3343 -3.731e-08 1.349e-05
3346 -9.451e-08 1.340e-05
3354 -3.789e-08 1.336e-05
3357 -5.172e-08 1.331e-05
3359 -2.697e-08 1.328e-05
3363 -1.537e-07 1.313e-05
3364 -5.842e-09 1.312e-05
3365 -7.112e-08 1.305e-05
3367 -4.324e-08 1.300e-05
3375 -9.056e-08 1.291e-05
3376 -6.203e-08 1.285e-05
3380 -1.055e-07 1.275e-05
3386 -2.696e-08 1.272e-05
3389 -3.608e-09 1.272e-05
3394 -9.315e-08 1.262e-05
3395 -1.541e-07 1.247e-05
3397 -3.041e-08 1.244e-05
3398 -1.444e-07 1.229e-05
3399 -1.821e-07 1.211e-05
3402 -4.134e-08 1.207e-05
3404 -4.936e-08 1.202e-05
3406 -1.184e-07 1.190e-05
3407 -1.390e-07 1.176e-05
3409 -4.638e-08 1.172e-05
3410 -9.470e-08 1.162e-05
3412 -6.955e-08 1.155e-05
3415 -5.703e-08 1.150e-05
3418 -7.236e-08 1.142e-05
3425 -3.336e-08 1.139e-05
3428 -3.071e-08 1.136e-05
3433 -1.221e-07 1.124e-05
3435 -7.642e-08 1.116e-05
3438 -1.756e-08 1.114e-05
3442 -1.741e-08 1.113e-05
3445 -9.719e-08 1.103e-05
3446 -4.903e-08 1.098e-05
3452 -9.814e-08 1.088e-05
3453 -1.228e-07 1.076e-05
3455 -1.184e-08 1.075e-05
3457 -6.913e-08 1.068e-05
3461 -2.292e-08 1.066e-05
3462 -7.230e-08 1.058e-05
3465 -2.141e-08 1.056e-05
3468 -9.736e-08 1.046e-05
3474 -8.543e-08 1.038e-05
3476 -2.361e-08 1.036e-05
3484 -2.421e-08 1.033e-05
3486 -1.140e-07 1.022e-05
3488 -3.798e-08 1.018e-05
3491 -1.611e-07 1.002e-05
3492 -1.023e-07 9.916e-06
3496 -8.934e-09 9.907e-06
3507 -1.340e-07 9.773e-06
3514 -7.051e-08 9.702e-06
3521 -8.993e-08 9.612e-06
3522 -4.356e-08 9.569e-06
3523 -1.844e-07 9.384e-06
3531 -3.534e-08 9.349e-06
3535 -9.889e-09 9.339e-06
3536 -2.605e-08 9.313e-06
3538 -1.781e-07 9.135e-06
3543 -8.495e-08 9.050e-06
3545 -5.143e-08 8.998e-06
3546 -8.110e-08 8.917e-06
3553 -6.326e-08 8.854e-06
3569 -8.234e-08 8.772e-06
3571 -1.086e-07 8.663e-06
3579 -7.429e-08 8.589e-06
3586 -7.025e-08 8.519e-06
3590 -3.704e-08 8.482e-06
3591 -7.993e-08 8.402e-06
3594 -2.564e-08 8.376e-06
3596 -1.011e-07 8.275e-06
3598 -5.526e-08 8.220e-06
3608 -2.628e-08 8.193e-06
3625 -8.209e-08 8.111e-06
3628 -2.807e-08 8.083e-06
3632 -1.001e-07 7.983e-06
3637 -3.168e-08 7.951e-06
3639 -2.327e-07 7.719e-06
3644 -1.624e-08 7.702e-06
3649 -1.940e-08 7.683e-06
3652 -1.287e-07 7.554e-06
3654 -9.487e-08 7.460e-06
3659 -8.299e-08 7.377e-06
3663 -7.797e-08 7.299e-06
3664 -5.433e-08 7.244e-06
3666 -3.082e-08 7.213e-06
3667 -1.232e-07 7.090e-06
3673 -2.973e-09 7.087e-06
3674 -1.043e-07 6.983e-06
3700 -4.796e-08 6.935e-06
3702 -5.665e-08 6.878e-06
3707 -1.503e-07 6.728e-06
3709 -8.896e-08 6.639e-06
3713 -4.788e-08 6.591e-06
3720 -7.318e-08 6.518e-06
3721 -2.881e-08 6.489e-06
3722 -7.500e-08 6.414e-06
3727 -1.507e-07 6.263e-06
3728 -3.838e-08 6.225e-06
3732 -1.041e-07 6.121e-06
3734 -6.324e-08 6.058e-06
3736 -5.196e-08 6.006e-06
3737 -1.430e-07 5.863e-06
3742 -3.236e-08 5.830e-06
3744 -5.895e-09 5.825e-06
3749 -6.882e-08 5.756e-06
3751 -5.331e-08 5.702e-06
3752 -8.162e-08 5.621e-06
3753 -5.560e-08 5.565e-06
3755 -6.782e-08 5.497e-06
3760 -1.026e-08 5.487e-06
3761 -3.675e-08 5.450e-06
3775 -4.695e-08 5.403e-06
3783 -3.039e-08 5.373e-06
3784 -8.991e-08 5.283e-06
3789 -7.892e-08 5.204e-06
3791 -4.482e-08 5.159e-06
3794 -6.782e-09 5.153e-06
3795 -9.693e-08 5.056e-06
3796 -1.773e-08 5.038e-06
3797 -1.825e-07 4.855e-06
3800 -1.748e-07 4.681e-06
3806 -1.035e-07 4.577e-06
3811 -5.605e-08 4.521e-06
3816 -4.341e-08 4.478e-06
3822 -9.496e-08 4.383e-06
3824 -6.148e-08 4.321e-06
3826 -2.323e-08 4.298e-06
3827 -6.060e-08 4.237e-06
3830 -1.707e-09 4.236e-06
3831 -8.063e-08 4.155e-06
3832 -4.615e-08 4.109e-06
3838 -7.846e-08 4.031e-06
3843 -1.172e-07 3.913e-06
3846 -4.814e-08 3.865e-06
3853 -1.806e-08 3.847e-06
3855 -9.314e-08 3.754e-06
3859 -4.088e-08 3.713e-06
3861 -2.503e-08 3.688e-06
3862 -7.725e-08 3.611e-06
3864 -5.031e-08 3.561e-06
3867 -7.715e-08 3.483e-06
3868 -9.595e-08 3.387e-06
3870 -2.613e-08 3.361e-06
3890 -6.025e-08 3.301e-06
3892 -1.345e-07 3.167e-06
3893 -5.417e-08 3.112e-06
3908 -1.327e-07 2.980e-06
3909 -1.014e-07 2.878e-06
3910 -9.857e-08 2.780e-06
3914 -8.471e-08 2.695e-06
3921 -1.053e-07 2.590e-06
3922 -9.858e-08 2.491e-06
3923 -2.056e-08 2.471e-06
3925 -1.305e-07 2.340e-06
3929 -4.356e-08 2.296e-06
3932 -1.123e-07 2.184e-06
3939 -3.675e-08 2.147e-06
3940 -6.368e-08 2.084e-06
3942 -1.594e-07 1.924e-06
3943 -1.692e-07 1.755e-06
3944 -2.266e-09 1.753e-06
3947 -9.592e-08 1.657e-06
3949 -3.097e-08 1.626e-06
3955 -8.178e-08 1.544e-06
3958 -6.091e-08 1.483e-06
3961 -1.814e-08 1.465e-06
3965 -1.407e-08 1.451e-06
3969 -1.867e-08 1.432e-06
3970 -1.066e-07 1.326e-06
3971 -1.411e-07 1.185e-06
3974 -4.457e-09 1.180e-06
3975 -1.923e-08 1.161e-06
3976 -1.075e-08 1.150e-06
3984 -1.258e-07 1.024e-06
3985 -4.507e-08 9.794e-07
3991 -6.935e-08 9.100e-07
3995 -1.275e-07 7.825e-07
3998 -1.070e-07 6.755e-07
4009 -1.236e-07 5.519e-07
4017 -1.200e-07 4.318e-07
4026 -1.113e-07 3.205e-07
4032 -7.509e-08 2.454e-07
4033 -1.960e-09 2.435e-07
4038 -1.587e-09 2.419e-07
4039 -1.007e-07 1.412e-07
4040 -2.925e-08 1.120e-07
4049 -1.371e-07 -2.511e-08
4051 -1.185e-08 -3.696e-08
4052 -1.007e-07 -1.377e-07
4053 -1.642e-07 -3.019e-07
4055 -4.670e-08 -3.486e-07
4057 -9.174e-08 -4.403e-07
4058 -1.167e-07 -5.570e-07
